-113633.625
-113693.109375
-113758.578125
-113829.96875
-113907.1171875
-113989.8515625
-114077.921875
-114171.0625
-114268.90625
-114371.0859375
-114477.1796875
-114586.75
-114699.296875
-114814.3125
-114931.296875
-115049.71875
-115169
-115288.65625
-115408.125
-115526.875
-115644.3984375
-115760.203125
-115873.828125
-115984.78125
-116092.671875
-116197.078125
-116297.625
-116394
-116485.8671875
-116572.96875
-116655.0625
-116731.9296875
-116803.421875
-116869.390625
-116929.75
-116984.40625
-117033.3828125
-117076.65625
-117114.28125
-117146.3125
-117172.890625
-117194.140625
-117210.234375
-117221.3828125
-117227.7890625
-117229.7265625
-117227.4375
-117221.234375
-117211.390625
-117198.234375
-117182.0625
-117163.1875
-117141.9375
-117118.5859375
-117093.4453125
-117066.796875
-117038.84375
-117009.859375
-116980.015625
-116949.484375
-116918.375
-116886.8125
-116854.8359375
-116822.453125
-116789.65625
-116756.375
-116722.546875
-116688.0078125
-116652.6328125
-116616.2421875
-116578.640625
-116539.609375
-116498.9375
-116456.375
-116411.7109375
-116364.6875
-116315.125
-116262.796875
-116207.5234375
-116149.125
-116087.46875
-116022.453125
-115953.96875
-115881.984375
-115806.484375
-115727.46875
-115645
-115559.171875
-115470.109375
-115377.9765625
-115282.96875
-115185.3125
-115085.28125
-114983.1953125
-114879.359375
-114774.1484375
-114667.9296875
-114561.1328125
-114454.1875
-114347.515625
-114241.640625
-114137
-114034.09375
-113933.4140625
-113835.453125
-113740.703125
-113649.6484375
-113562.7578125
-113480.46875
-113403.25
-113331.453125
-113265.5
-113205.6875
-113152.3359375
-113105.703125
-113065.984375
-113033.359375
-113007.9296875
-112989.765625
-112978.859375
-112975.203125
-112978.703125
-112989.203125
-113006.5625
-113030.53125
-113060.84375
-113097.234375
-113139.3515625
-113186.859375
-113239.3671875
-113296.5
-113357.8359375
-113422.984375
-113491.5
-113562.984375
-113637.03125
-113713.203125
-113791.1484375
-113870.4375
-113950.734375
-114031.6796875
-114112.953125
-114194.234375
-114275.265625
-114355.796875
-114435.59375
-114514.453125
-114592.234375
-114668.796875
-114744.015625
-114817.84375
-114890.2265625
-114961.15625
-115030.6640625
-115098.78125
-115165.609375
-115231.234375
-115295.765625
-115359.375
-115422.2109375
-115484.4453125
-115546.2578125
-115607.84375
-115669.3828125
-115731.0625
-115793.0625
-115855.5234375
-115918.59375
-115982.3828125
-116046.9765625
-116112.4375
-116178.765625
-116245.9765625
-116313.9765625
-116382.6953125
-116451.984375
-116521.6796875
-116591.546875
-116661.328125
-116730.7734375
-116799.546875
-116867.3125
-116933.703125
-116998.34375
-117060.84375
-117120.7890625
-117177.8046875
-117231.46875
-117281.390625
-117327.1796875
-117368.484375
-117404.9453125
-117436.2265625
-117462.03125
-117482.09375
-117496.140625
-117503.984375
-117505.4375
-117500.3359375
-117488.6015625
-117470.140625
-117444.9296875
-117412.96875
-117374.296875
-117328.984375
-117277.171875
-117219
-117154.6328125
-117084.34375
-117008.375
-116927.03125
-116840.625
-116749.515625
-116654.109375
-116554.8125
-116452.0625
-116346.3203125
-116238.078125
-116127.8125
-116016.03125
-115903.25
-115789.9765625
-115676.71875
-115564
-115452.2734375
-115342.03125
-115233.7109375
-115127.7421875
-115024.515625
-114924.359375
-114827.6015625
-114734.5
-114645.28125
-114560.109375
-114479.09375
-114402.359375
-114329.8828125
-114261.671875
-114197.671875
-114137.765625
-114081.8359375
-114029.71875
-113981.234375
-113936.1640625
-113894.296875
-113855.3828125
-113819.1953125
-113785.515625
-113754.0703125
-113724.671875
-113697.125
-113671.21875
-113646.78125
-113623.65625
-113601.734375
-113580.890625
-113561.0625
-113542.1875
-113524.265625
-113507.265625
-113491.234375
-113476.203125
-113462.28125
-113449.5546875
-113438.140625
-113428.1875
-113419.859375
-113413.359375
-113408.8671875
-113406.609375
-113406.828125
-113409.75
-113415.640625
-113424.75
-113437.328125
-113453.65625
-113473.96875
-113498.53125
-113527.5625
-113561.296875
-113599.9140625
-113643.59375
-113692.484375
-113746.6875
-113806.296875
-113871.359375
-113941.8359375
-114017.6875
-114098.828125
-114185.109375
-114276.328125
-114372.265625
-114472.625
-114577.09375
-114685.265625
-114796.78125
-114911.171875
-115027.9375
-115146.625
-115266.71875
-115387.640625
-115508.8828125
-115629.8828125
-115750.078125
-115868.921875
-115985.90625
-116100.4609375
-116212.1171875
-116320.375
-116424.78125
-116524.90625
-116620.3671875
-116710.78125
-116795.828125
-116875.21875
-116948.71875
-117016.1171875
-117077.234375
-117131.984375
-117180.25
-117222.0234375
-117257.3203125
-117286.1875
-117308.703125
-117325.0234375
-117335.3125
-117339.78125
-117338.671875
-117332.265625
-117320.8515625
-117304.765625
-117284.328125
-117259.921875
-117231.90625
-117200.65625
-117166.546875
-117129.9453125
-117091.21875
-117050.6875
-117008.6875
-116965.5234375
-116921.4609375
-116876.7421875
-116831.5546875
-116786.078125
-116740.4453125
-116694.734375
-116648.9921875
-116603.25
-116557.453125
-116511.578125
-116465.515625
-116419.140625
-116372.3203125
-116324.90625
-116276.703125
-116227.53125
-116177.203125
-116125.515625
-116072.265625
-116017.296875
-115960.40625
-115901.4453125
-115840.265625
-115776.734375
-115710.7578125
-115642.25
-115571.171875
-115497.4765625
-115421.171875
-115342.3125
-115260.9296875
-115177.125
-115091.015625
-115002.75
-114912.53125
-114820.5234375
-114727.0078125
-114632.2265625
-114536.484375
-114440.109375
-114343.4375
-114246.828125
-114150.6953125
-114055.453125
-113961.5234375
-113869.34375
-113779.3984375
-113692.1484375
-113608.046875
-113527.5859375
-113451.234375
-113379.4375
-113312.6484375
-113251.28125
-113195.71875
-113146.3515625
-113103.484375
-113067.40625
-113038.34375
-113016.4765625
-113001.953125
-112994.8125
-112995.1015625
-113002.765625
-113017.703125
-113039.75
-113068.71875
-113104.359375
-113146.328125
-113194.328125
-113247.96875
-113306.8671875
-113370.5859375
-113438.6875
-113510.734375
-113586.265625
-113664.8125
-113745.96875
-113829.25
-113914.25
-114000.546875
-114087.765625
-114175.515625
-114263.453125
-114351.25
-114438.625
-114525.2890625
-114611
-114695.546875
-114778.71875
-114860.390625
-114940.4140625
-115018.671875
-115095.09375
-115169.6484375
-115242.3046875
-115313.0546875
-115381.953125
-115449.03125
-115514.375
-115578.09375
-115640.3125
-115701.1484375
-115760.7734375
-115819.328125
-115877
-115933.953125
-115990.3671875
-116046.421875
-116102.28125
-116158.0859375
-116213.984375
-116270.0859375
-116326.484375
-116383.234375
-116440.3828125
-116497.921875
-116555.8046875
-116613.96875
-116672.28125
-116730.59375
-116788.703125
-116846.3984375
-116903.390625
-116959.3828125
-117014.0625
-117067.078125
-117118.046875
-117166.578125
-117212.2890625
-117254.75
-117293.578125
-117328.375
-117358.7578125
-117384.3359375
-117404.78125
-117419.734375
-117428.90625
-117432.046875
-117428.90625
-117419.28125
-117403.015625
-117380
-117350.171875
-117313.4609375
-117269.90625
-117219.5703125
