0.785726
0.785484
0.784776
0.783705
0.782373
0.780883
0.779334
0.777826
0.776453
0.775309
0.774483
0.774059
0.774119
0.774739
0.775991
0.777942
0.780654
0.784183
0.78858
0.793893
0.80016
0.807418
0.815698
0.825024
0.835418
0.846893
0.859462
0.87313
0.887899
0.903766
0.920723
0.93876
0.957861
0.978007
0.999174
1.02133
1.04446
1.06851
1.09346
1.11925
1.14584
1.17319
1.20123
1.22992
1.25919
1.28898
1.31922
1.34984
1.38077
1.41192
1.44322
1.47459
1.50593
1.53715
1.56817
1.59889
1.6292
1.65903
1.68825
1.71678
1.7445
1.77133
1.79715
1.82186
1.84537
1.86757
1.88836
1.90765
1.92535
1.94137
1.95561
1.968
1.97845
1.98689
1.99325
1.99747
1.99947
1.99921
1.99663
1.99169
1.98434
1.97456
1.96232
1.94759
1.93035
1.91059
1.88831
1.86351
1.83619
1.80636
1.77405
1.73927
1.70206
1.66244
1.62046
1.57616
1.5296
1.48083
1.42991
1.37691
1.3219
1.26497
1.20618
1.14563
1.08342
1.01963
0.954372
0.887746
0.819861
0.750831
0.68077
0.609797
0.538032
0.4656
0.392626
0.319236
0.245559
0.171721
0.0978536
0.0240838
-0.0494601
-0.122651
-0.195363
-0.267473
-0.33886
-0.409403
-0.478987
-0.547499
-0.61483
-0.680873
-0.745527
-0.808695
-0.870284
-0.930205
-0.988375
-1.04472
-1.09915
-1.15162
-1.20205
-1.25039
-1.29658
-1.34058
-1.38235
-1.42184
-1.45904
-1.49392
-1.52645
-1.55663
-1.58444
-1.60989
-1.63298
-1.65372
-1.67213
-1.68823
-1.70204
-1.7136
-1.72295
-1.73013
-1.73519
-1.73819
-1.73919
-1.73825
-1.73544
-1.73084
-1.72453
-1.71658
-1.70709
-1.69614
-1.68382
-1.67024
-1.65548
-1.63964
-1.62282
-1.60512
-1.58664
-1.56748
-1.54773
-1.5275
-1.50688
-1.48596
-1.46483
-1.44358
-1.42231
-1.40108
-1.37999
-1.3591
-1.3385
-1.31825
-1.29841
-1.27904
-1.26022
-1.24198
-1.22438
-1.20746
-1.19127
-1.17585
-1.16123
-1.14744
-1.13451
-1.12246
-1.11131
-1.10108
-1.09179
-1.08343
-1.07602
-1.06956
-1.06405
-1.05947
-1.05583
-1.0531
-1.05127
-1.05032
-1.05022
-1.05094
-1.05244
-1.0547
-1.05765
-1.06126
-1.06548
-1.07024
-1.07548
-1.08115
-1.08716
-1.09344
-1.09992
-1.10652
-1.11314
-1.1197
-1.1261
-1.13226
-1.13808
-1.14346
-1.1483
-1.1525
-1.15597
-1.15859
-1.16029
-1.16095
-1.16049
-1.15881
-1.15582
-1.15144
-1.14559
-1.13819
-1.12917
-1.11846
-1.10599
-1.09171
-1.07556
-1.05751
-1.03751
-1.01553
-0.991538
-0.965513
-0.937439
-0.907307
-0.875113
-0.84086
-0.804556
-0.766215
-0.725856
-0.683506
-0.639196
-0.592963
-0.544849
-0.494901
-0.443174
-0.389724
-0.334615
-0.277916
-0.2197
-0.160044
-0.0990322
-0.0367505
0.0267092
0.091251
0.156775
0.223178
0.290353
0.358189
0.426572
0.495386
0.564512
0.633829
0.703213
0.77254
0.841685
0.910522
0.978923
1.04676
1.11392
1.18026
1.24566
1.31001
1.37318
1.43506
1.49553
1.55448
1.61181
1.66741
1.72118
1.77303
1.82287
1.87061
1.91617
1.95948
2.00046
2.03906
2.07521
2.10887
2.13997
2.16848
2.19437
2.21759
2.23813
2.25597
2.27109
2.28349
2.29315
2.30009
2.30431
2.30583
2.30467
2.30085
2.29441
2.28538
2.27381
2.25974
2.24323
2.22434
2.20313
2.17967
2.15403
2.1263
2.09655
2.06488
2.03137
1.99613
1.95924
1.92081
1.88096
1.83977
1.79736
1.75385
1.70934
1.66394
1.61778
1.57095
1.52357
1.47576
1.42762
1.37926
1.33079
1.28231
1.23393
1.18574
1.13785
1.09034
1.0433
0.996822
0.950991
0.905884
0.861576
0.818141
0.775645
0.734153
0.693725
0.654415
0.616277
0.579357
0.543697
0.509337
0.476311
0.444647
0.414371
0.385503
0.358058
0.332045
0.30747
0.284333
0.262627
0.242342
0.223461
0.205962
0.189816
0.17499
0.161444
0.149131
0.138001
0.127997
0.119055
0.111107
0.104079
0.0978939
0.0924666
0.0877098
0.0835317
0.079837
0.0765271
0.0735011
0.0706562
0.0678881
0.0650917
0.0621619
0.058994
0.0554844
0.0515313
0.0470351
0.0418991
0.03603
0.0293385
0.0217393
0.0131521
0.00350155
-0.0072824
-0.0192642
-0.0325025
-0.04705
-0.0629537
-0.080254
-0.0989858
-0.119177
-0.140852
-0.164025
-0.188709
-0.214907
-0.24262
-0.271841
-0.30256
-0.334759
-0.368416
-0.403505
-0.439995
-0.477848
-0.517025
-0.557479
-0.59916
-0.642015
-0.685985
-0.731007
-0.777014
-0.823936
-0.871698
-0.920221
-0.969423
-1.01922
-1.06952
-1.12023
-1.17125
-1.22249
-1.27385
-1.32521
-1.37648
-1.42754
-1.47829
-1.52861
-1.57839
-1.62752
-1.67587
-1.72335
-1.76982
-1.81519
-1.85934
-1.90216
-1.94354
-1.98337
-2.02156
-2.058
-2.0926
-2.12526
-2.15589
-2.18442
-2.21076
-2.23483
-2.25657
-2.27591
-2.29279
-2.30716
-2.31897
-2.32817
-2.33473
-2.33862
-2.3398
-2.33826
-2.33398
-2.32696
-2.31718
-2.30466
