95.7296
101.4
106.958
112.363
117.59
122.631
127.486
132.163
136.671
141.022
145.223
149.282
153.203
156.988
160.636
164.142
167.497
170.69
173.703
176.514
179.095
181.413
183.428
185.099
186.377
187.22
187.59
187.469
186.861
185.805
184.38
182.699
180.906
179.158
177.614
176.415
175.671
175.452
175.787
176.67
178.069
179.934
182.212
184.851
187.805
191.034
194.507
198.202
202.102
206.197
210.484
214.964
219.644
224.535
229.651
235.009
240.626
246.513
252.665
259.051
265.602
272.215
278.776
285.197
291.429
297.453
303.265
308.863
314.234
319.357
324.198
328.708
332.827
336.486
339.603
342.095
343.876
344.87
345.027
344.372
343.075
341.534
340.307
339.869
340.46
342.137
344.87
348.598
353.249
358.749
365.027
372.022
379.683
387.972
